2	200	汇源100%橙汁果蔬汁			12	39.00	58.50	中国汇源果汁集团			中国汇源果汁集团			910	360
3	500	青岛啤酒			18	96.00	144.00	啤酒一厂			青岛啤酒有限公司			680	365
4	500	舍得酒舍之道50度			2	408.00	612.00	沱牌集团			舍得有限公司			600	730
5	500	五粮液白酒52度			2	894.00	1341.00	永不分梨集团			五粮液集团			460	3650
6	330	RIO葡萄白兰地风味			12	81.32	121.98	巴克斯酒业			盛卫贸易有限公司			300	365
7	360	真露烧酒果味酒			20	228.00	342.00	海特真露			盛卫贸易有限公司			500	365
8	750	金宾波本威士忌			1	114.00	171.00	金宾波本			金宾波本			410	3650
9	168	江小白果立方			6	108.00	162.00	重庆江记酒庄			江小白酒业有限公司			160	365
30	200	雪碧			6	40.00	48.00	中粮			中粮			100	365
31	120	柠檬茶			12	105.00	120.00	1			1			100	365
32	100	康师傅矿泉水			24	20.00	24.00	康师傅			康师傅			188	730
35	380	可乐易拉罐			12	28.00	36.00	中粮			中粮			420	365
36	380	雪碧易拉罐			6	12.00	13.50	Unknown			Unknown			120	365
37	150	酸奶			12	20.00	30.00	111			222			70	7
38	550	哇哈哈矿泉水			24	30.00	36.00	哇哈哈			哇哈哈			180	365
39	550	康师傅矿泉水(零售)			1	1.25	1.50	康师傅			康师傅			9	365
40	550	哇哈哈矿泉水(零售)			1	1.25	1.50	哇哈哈			哇哈哈			66	365
41	150	酸奶（零售）			1	1.67	2.50	111			222			0	7
42	380	雪碧易拉罐（零售）			1	2.00	2.25	Unknown			Unknown			120	365
44	380	可乐易拉罐（零售）			1	2.33	3.00	中粮			中粮			97	365
45	200	汇源100%橙汁果蔬汁（零售）			1	3.25	3.90	中国汇源果汁集团			中国汇源果汁集团			80	360
47	550	橙味美年达			24	60.00	72.00	asdf			asdf			155	365
48	150	酸奶（零售）			1	1.67	2.50	111			222			100	7
49	150	酸奶（零售）			1	1.67	2.25	111			222			9	7
50	168	江小白果立方（零售）			1	18.00	27.00	重庆江记酒庄			江小白酒业有限公司			32	365
